[
   6962807771259452732461690240712532503714406521591373307968817623105165709507759741881005359910467273042625658807392789531102871346604978803755895530631832,
   12061338123786180016784575109190101164890603052749547017812820622673615097360041923524755559585714379386045223996270053805895199512812859986910125122309687,
   4839029731626473924076857005300502681046574905706742775554039429523159470131696430699304921778441373758107711504462891690279235567446421290733576427606356,
   7098443688776916871143983828842188496706933397100888102508654308085262194947120675295003710445819893719696563920329712660015243124570867932197116311827439,
   3840489596486177698265362946622708138247426241488287144852648829359755497851427308660003593201055565797783410319270133517220619877415774313212338310209842,
   3191761763724249246777302947826084092232930765011102064065142661960154241765838940770460352816582306370193976246628803414469679548968556530634960802702030,
   5768392475575465984171965045904332563384145628466056275877901855867044016207334421351981286003158339731426287978896343391129699952769078440001158114535151,
   6199289099835995845000226488378631498168151167022969051460815747753670151351937422603881471381135113016294334152986985864841371005406400915157772498270153,
   8011262328630260566190114931565083654617853375029254250981730378734262578561479763152140664982109122462221336446891304430325407521072850024013940061590393,
   3304038039481268967903302460870833040155202499480699644691577196713387644495009637074486954533238321551376438555119509310968044803404555472284555127828153,
   1728723804343169669983788122902002777979234759856364455839636550426288590708336659687352714523610613424071026620546165468143006369536685952855958597780882,
   12877470169105706686600649235040059552693799131865241106086632449977853482982696544265306998080349623856531978216622598083394647496942921821085447347210440,
   11004460871649678992901391681289781528603255023892896141205592360908850882767824013427546962305276523876686235011998853978574371309116869783108584613997073,
   1862655108962066822987593868099686347108943971807062715143190020190780501751659716067508856745824497208740236593225912490117721735890095746769476401763207,
   8689211655751182080315093439300509763893194382720197558660747658265102205417971757536060588153186672932250573329853636685301296361764916154148416053410838,
   11556227668843116420798343542120230832546955095020350364838650937832257331989956401681083353847505847833310128899105309380915226978164154070608354270790851,
   3511385171399610523984800717520062405238133062344987449683837318780606582548286923301622644326929372768433250537741443498132511572766761292948621649978715,
   8065633860708698136480085976048347391713559593937302146377877646941185993522180724447954004949517966309784520825881455454471839250307401014297631572727672,
   11017581810626264875906634529498101711471052116814523837684762553306924950884962038696649050852460309758578177689084578912016347945533864175088705687763493,
   2487998150298689197616103000018174168690736918947208599475994308301287503056105417196832232467240637864626044691243137473958096538039108280679711353863881,
   3561329960577003233112118903139580822603681321364582555545851258191758743154047593956983166505987196180077695847112087046059717127892866881221838131794790,
   10181510603668879284440582261767588274521349033975050602136796607141117382863984314746014755506904807843477827133874139300970868902064454379475071685708725,
   11002392702544278125939760964270807656935054786238702697939029083604333493650993463350274553297937224175176971245917403334833982724232514116965095343641462,
   10195962572185407311544209152065120925214340017881076472479101224681994818246955190509018218710948021290221967519070688388576637814519367447748366107874573,
   10955431306824587988711002253028879212197099806202811830613428972067152594190592098904145628411923719267344425992384728166080912479020280509560760155136472,
   2237700169064078685357456459008189866465187786718904693177416483884099190022281557561848633471744317823247620044947787530448234121225492726541067125180274,
   2694535131202891008273119086684653334212785888410784555930599728052038999944818497773172310293493308130136085595487255603049671033353190809690416986641670,
   2636183238628830158742627696456534964383026969365595930536761955983318873441114468035371405842860281974465388727777366725067550961382116633335397878956481,
   7395509458411517450142908378392210346313355411132726914045065862275634627037853310314861140945259785517080112305299144399207720479127144195289115163027588,
   2835394497744085363962013967759741852554682868777621655124815503765929732621842800416771571918152007951262784171679914030664067651402031133414621839640224,
   8948688365433725104099319810218842570825645023305803377247517693860265542292365260322372035350211925221885451300195155505581721924854420229991877526460178,
   7422466839681180344591730513374705091339915791207906269854842477975653410279613214533929197454236183843076715911028192289625142403216194517319904665856530,
   5213734639751298280785187604828286938649278442633773178556101218781362079996686929778118949799505411149886510560745014955299787078539006322708200975269109,
   561197642535630856877772946724455407972054301577730734961927128406314474045454091882490961064675666685597667086466002234992506834175942286526791119918837,
   6211555056815678053250766970190022695092094147061235656796056953754761449946873393221622504446018999258351248303922149495095324637228994340867744003599391,
   1164517631079994239565329335111450157269693255527295702678058016900594838860996552161862395222748744294662409092934016328203728639246786882429271558228869,
   3201835038938046299872272649166140336539497332694840896570461585020894644148497789864237847659845268925103404724168487935000390683777049888108909034168452,
   12042436169169427216792907881165272687691461481578436809100451760870958195212037383242727853807250908137926003736020093065021431971553046307552225717649045,
   7791693723364581483948439287757356054404963517361318358376061526507262718086848388269698524297831987033223645132996978584818929885845404345186645608938241,
   3507464659655869967929504723942774572014228358592733481791072624499621406082898466843053594673241311162810581433399612804217548101455948780546158139855791,
   6681343082585011506137050589644716827099588813786459356861800819011528750440763655110604930815742694448493688132846047086139748044804952578250077505954350,
   6356904933819516916390218157188253493256029116009285432852117156875615553906406515808453663177640393320769324392611256792084844063097843120055485047938052,
   11874756062131514082120366396971352006490327829364765500007119243050498607404880656896291143339424999358182983012363491258012294948964731578623561994368961,
   10727373222842611158605093334044834385662032821796774479665879670180624497925648757658539340205935507027249025249579463909590643187758999564096014295283745,
   6375945701760512751883046696208308183354632770096524608780457669153697665290183897321940049018472691105890307487392511070967793917972984140139354331286701,
   8928870739416148354780134973691439418614241670842869009511004418843495539345544311504440704015267407767215782363299763677758482669714908965410695069759434,
   533382817794568950693659403247922007522844941498931404839543772818158274999144527946497253141666714186122751680335394692675940562849044086929799339238677,
   4967828200388499970512181460665131238889092925143935863801737669079982931661706838537712378308333396297355697855198540233490513321967505512698721842358825,
   6602051139812085357448130738227385009993478505629987669086165035902225087960559139938658075611542666051228364862544922523263746914768117489653805712798119,
   4527837618610291678907714707744664397889384532582756806595430944521649281539809900276595598306862480399500928327165764333947969916830278172715384679221501,
   9549589556558432810876310350413172609716999459539396198077930357234088357677896375488505212637915539438945242570943120445174255463412804261531174817093976,
   1497883275769987424593455546878767572052912370308312248189629695908285258301352340488407643969708661079707588920773739864469031782573857950278366225246037,
   7502485181612294578852479448085788934098663312848755927138536844092059548332166070444939351255729198807156499645422499018207265488997341635900508908770784,
   7558551712097295500705852284920272290255397245262883959528103455874724632070675190897409021390907040935994191016383223107803853466076517618439227655492625,
   9142724134672513786002674904983544644018076156202826160589053572771165930513767346209469405364542521516757451167717969110837759184400383307908316289417250,
   11249179729806527041489143979809111031923214550707618819883836177414775650288250889501619714870695571051675746924262844295962750007654891373632886638816500,
   4311719841136611842243040227945331935152614952135092589018151092777117314823428149348996997958402577360390299874446990777997972999366920713314698440396600,
   9825778918711363563293252605313488559153588164951269053392897297257184702614155744391126909102944398751142194903497272936743424036329231009025879531354383,
   499380977543585089535044462414366313014653470982499547185324246883826849184458299177677175948166908757994861564286275218648805969035310750843717875116147,
   9497531311222013919520449884797983953979409694827468117598845453254191517906549470939966175455850970751330019789154510623438861773452054225762443724251644,
   4938790236192605360394999838101361843540316999678273435149037388106566101342907281641407371003521276380508053279642409551524012648109469159751859731320860,
   11420808628955445910990522888846000052660180516740311379122844776867573454380884820991592235575463475985570083277139509979494378346226773417232844732809396,
   4774410085414636348952189189107128185129611713364587486443543791036016432465895898597154453391852098577577209934898481878056131007675644005702136249458344,
   5744768618009888147333695347610269204590363537035009915622417105680574593011260439803849140072767638702550672500604720989677679808048735479717967589316578,
   9937278276914150953721553252051981690542712629977977291281900240798127577637951119884209713773522713570445149955908879132304013610466408057414273603562747,
   1049608013616564846941196110712737496764660963208463423194595664566354067563787548357844556752497834385631453133684295169939844387998679623333733369448540,
   2134794691943844347736063486133453160132638784847353478047573419051613033968217146480878526983928556899914853342463577562283649560281498158034431462561266,
   11094428826756555404611042989707842077031255103661153507616991596588013240836063440690359338730685613240235763596411460946295246464822068255620621708030195,
   7333039975064621933127661079111380501929567078775256243022641535562882801148976054059506487769894908777000578121895432446326355606782321443608273339756766,
   6565261707446798438583722392340890947833892636234889145701136227846100796966987673111320387444395044636611297474532595830090630975093368505463805735702145,
   7673606526283441027736530946646197842082511041968492660183687188096839170367664704322155801135321981387023656162128707894650780617908797192179799267164794,
   6208247010814380951273312884807229188940577307061670571045026540826236845621277076970203316610521630738517866501186841558221541326046862869196291615170073,
   11182951339390938529190661131688523436573928047177565736009292882903817743517332611960304938844815377522995420341317797795564304873328899994453840419580120,
   1265793945423077777631018666611550100098607822067356069590954662601834025528331876853993351844360468998736958535749114872231078694452951513427486545270009,
   9614522431244813107440593018944833527495555095273915438954737666094971311572960781504562027083875427535043326124170525555369949508863450119734776015052237,
   7286568045874931215279233577968401435032434798552187996949162190494719445745837177596900368490744270562278188057223973166676964255529519516865622698832210,
   5279145316805016420972291648975487157798457734177060611401710159367462866607860068974995873385240659957970584227084444808131339134999010648726039046228447,
   10388723925246130839487439688504387110323488042126215427133904026077072087723542177289927822768597167957523062795851648480249506369803275221493127851006781,
   1482611404291983290018300294824636498948032630482759164866133500019555353623695442164390748452898254088033346135427880199701344210753989857806431716154489,
   9983599832680199418292085570006083578207269788438000244052274183159451989859995395053339673613949900255518879270066637569911447183433091497711797753630981,
   2175964596019897738852533942340325328964207863390988773884081509481693064766078460840348297495711677860920982926670902865200261327934724936429557538138984,
   3577729401714549276271371186355592015229392597137670855954362299796120866301361069960994726119914647992077230369295747442870118867069031990336075094456830,
   13079427448440616904527976064343699469547342052942321018150709904934117182447776781171851506946486592717711208719389393116542178389498229671174265933527245,
   4880180399099174677578017747834356256263704312680467042281228008974673396516446749423945885149616942030413099038015805447140414691275350015025921208647796,
   981762330225100435927741656402062116766588485845738521056076241955601876169047828142472221977596327823129716744299603893194874651316670794268398709325087,
   11718397687501876177793946440278396895580626034624454901691758347499947474033644131447462951348027136336061472102829032827444549459792521429540813628575253,
   5907228204429293687197620721366139327899469559010922523187856314357887225875046700502604943191618522828829840922060858251869638151742294151359343043614238,
   3651291579246140155640729654767341130965203684024937390316804252535831571466321445707586042409775790924684610326974788761456693960727883884331759820145070,
   8983344597968563845125666960455726996051359695164776560008372555781836798753002598498810020675090775684244454723018662577500603597738717006026111243791223,
   3172757273812480664785928745536142141894290899739226749431204474944934203974310806687000642227399282331852817260194552504503395172267107704717202818567959,
   8858438322748559926322031856245196119950980554521652056243365495334030520125569130267533485785494045847738918835658426088914121438876700492535708969217383,
   7923685411251838346012613881073505689087506086065324112087231824395945418357578547033288278458836290946565934117658418935068049569415483135957533127236958,
   11916371680395414060087518000785564752471395239958556230299120513220768409340218792485358623153133373336565412626728672807277417283572719664521193145704787,
   3644392263301950284776649550307132595749543911991017286766407253142998376316592970977975075455156794814260645158318825577614377999674042028177173363667468,
   2780403743150931672520562340696819880777715518934762968536212608797036273684171575797125544097709750989968327410854931413376264820184264430579210756970326,
   8762028182703331109706848507064266728013422487156624570979244749124521286155041735568020035144718494591876505530922686846543713650137806936523870285985290,
   4430106170311594062465114180357802390120583483488285562712631982937403436875904291097776532873185811640229079287649541923327715324648446414117825277092789,
   7971399339594383056471063504261002494543433493908279773129513859377263390289868094854340998045231752443316082823110996799798560227771481732396613174127570,
   9687612603077070746218295829341950057920444876716802502026324607523980961693540589901106824538693450590577114381704778180168637322357274776160114733154983,
   6133130181433758111492885923288432653742930752406333738775107968920111067396864854571628680024499693897184851141111684388665421885623502283753870634460446,
   1002833006736811862245651545528185542446831150897295106163123642630619433048698487562763390335577081713711202190086490294914990578941225709562656520252133,
   1784624800128535913885724637773396467402252885923245025291384839918956260728212839698918141088942419480398658148458950685359804231757410494077638625784203,
   8384060904072432882444156748705854068932201792732056407723650276951230151538946111084231732112993370001980972109532209798914629720732578994886610669017723,
   10054113107372102622135170841433975065999483096904914422731032402876937495306236503804833411047857126716867281619677190978928130279072924297778097999713864,
   288245216360026088065841732721529565406293415803651713315013596082679514952164637578189040805494443089069305402846487114805194123142613679629266720202754,
   3596468611699940409211663369805016597245794465449980115989005593073148557670078046135228406124688559649634450070606877898872127958011305577520544189147063,
   9657065915151442460324584906004014408833726209763128023205812598248000315391295845612438886454028253547823240094630611620784400519784602753569646140979989,
   956396571586140079675608666650180798549830543542693312185553280243555412785056168985094040585025428132919897573723302404360581598450241087998237717039663,
   1438705088691973191930004328522860835776800209249807487741590037990137242147777176216592706316054345217956828656359010527379142178545465739579332778436635,
   12524900269483395776693426013006546855458878612922148684155532606063980488231155806290887007560849047472945885935769408559780041173232183241358070240991390,
   7997050126019547509178968453326464083870242228476298613461747973939091463907744214222658129046300556874163285792902927644013773159199281098349898437609003,
   9266007086861104144647264909637745567429791793639441472044526307201715314748181656339713189093748719243202354462689477184128632337395980816423053800284114,
   8231172157197605814686753221505976858095197746256109177705030243496797640089078137471466284372869081227656563568196634940887380692041622302887551443107581,
   1296684166924844882589513420202848885128868316708920404459389795291220180952842202135960482688009665949607246873887623634284503302999091014447492646053904,
   5545533261791168059225741624526004733090796502158703295584619268836421836484493746759380973486496612097503798797009847811608570658279560618084727079344723,
   12724404458223434016496846214141834208650349828798645734950218299804659625085818984886477289550107028912379869018049520974103047663519009761149911181570611,
   7775914902757736846774583121045608413207499158464715622301132525080282320712003012687681514572515508637584871627469009945503405746000693837230188079783461,
   10781231380462685770357683053972012643814300650472865127503941717125604638184709688162725967359697359973979655589804020063515365139570926571069277273052745,
   196912052204492189329867212019138324073538405570643692772362942225081457848688452893087283151504799039837034530577796014096113065968743587226018660939120,
   368473807750710043263651681423742250145470198207855705996397278915201561466617859994533679160516569359494794060181464013049607701208780205081351693024689,
   7734951346452007483502885610982541243266644313881569520926931546457543789080245073115030913811752570789514392495749213229785310726152363592860180097392954,
   2826035061138077400646019313102750936199597482340387383778112636966568667621575195684918976572034320693894961335630295551891747895547767755486976093272975,
   3558373171190991293804415766775642658009165831568609081960308786811544733299983193598651302158960848804929365916427174285411110058073752576898795902324063,
   11045106676503323218175486698162891004484858504360540311115157698380137149581978186531000265462301303092553540868834035116951799983050881800285629473066371,
   324971710957160805037445466960675331164390655442828717740774999931325984719464091867321923064904022874271047931046932808494486348481552099003167075568756,
   5430062896082678571285596213187567725004441751088485990233658081574385960971288493759273836347964829668892004639398036607996956411532296970636183855141851,
   11371407254306496336487220828006782229475735844272923992847152758329284615009669673571501513640374325649495649602433848673608084055219196215801040690895732,
   10504862243380662767762737323131257549574388692619621964694945204243075385736997585702322325089317275898711102991294781145468383541928033996637984197906591,
   3720642095719990247948171015846361588874113960244434766726781215244643139318901669077328527006765086682532728073562523764069273813846291666872410110501042,
   5488540791572053578295796602215561898990758674779145799611375767595006496495748593621262659064338205606649744278250953096758376038398075492828669457507923,
   201653186147153207033828007174170238292886823795309301326771775338851307886747819392216998360617890229823725157425542200240192561996646602754841124019797,
   4144952857960115357172480257224433560220348288872936016364553430518609691475627297410744593487178991641917497145543877239316158474625575946238806596202738,
   4237383056880672166516695678313960743724896133724090691405229281555765087199327767911161205572681251339598717966697280745245098056378447342638924689091042,
   4416313766206573029434470272690834621748537259812553562128067620236087717559797389972601470124672589292963876619879558923231497081474269879336210620338884,
   7230632442860123880506599680743741614906513948128881250395311724399695176594600688171285530935180730167587409949612182028182373253124821195567072834337873,
   6365484758452276497698837430640311577776980547461473708990834291703206464944952773162150153806656606015282805848848535350415508325659990583985030966661978,
   11403561382348937776609577949265565300688868766994313556544921340885276452163220047457654894708704058429643870148460956077434539624799172770661507173079179,
   336354759100686612694238709907351839552024990117512369167108859566679868930877589012573591429569969008999429965775652035041086077454927944651321967466211,
   12596191146111164222476665377513066746598628387232431097553871003068324127592113584009227401861418194423228406784869717617777551526781652284920857154678985,
   13219498334311528093012822089953221698745577722811168921881463874541146104726623219029815297886550283391486208333807878193435787914523250778540483170718118,
   8602017471411804121121386788555045077904210544252596070078105149974678965636658981046598931639627359165251639634791409242468189472920827872036424008412830,
   13300071365221085305077431412550859077507196387173987348680524624248687578610617182761369577322020614998958961965736178558613852042245662969074545145942997,
   1594112320088327630499246955552779312397080763355259559013702808292122300189311283062430012093481119951683270879868322390284178096704115975771562118299364,
   10248467323513985000918795185976744321644257319163769437618262071254932297552724596405949155899641940552575957957595530955816712896849017240556353017794799,
   12533257468848284726919502060117483173010230364875726824816191942723711281162993110695603590056374261129351574497354031280299227232605717139411169152550416,
   12886481372631952581486350057439929184717806922839621035603683389207903092610440550781783107621872467148677991368719350085248897281575228578563977158575835,
   696554317298199124437775244675178569656563026906017024191127988334032285426309541561126893221270811444246621686027300666205806729350853505780647998522697,
   10419495712758586492875663838138827034807759007534374774745080079952376145351835746803875096412586011985683889646095775209568640624776185597125608567929021,
   10958633421367674634197283338842774449867424066287274164312774534704021471068536177990725706833484359689487300775263606798358437714749915977365190648295717,
   4005781322053573196060364407078495734062543766189238755398255622305667082584060807149532650681942297185845357399625705321808075215265982006815618565605042,
   1355932395692833425631291728063185825595229350908981541029090530099081474885590640386771993562677749186723186109933299259739975384696012422982088842383274,
   4381841259967364735638182829961667320302487723405156874499220988499871782589454361711975620821133032878841126011294831787932790627910924050088860521844631,
   12633839972548182125440756783715697791317312211249544508755442193517995400862777524349075248144961697551563756338463973970067074889001130149660735468214743,
   6559379176969556048950441889321051543517338536321054973604486138489150366037411957444160166604534657464102857592917135306571666455381759356712580816150936,
   2470290067704041675038606454653427904475344609698843873203534248683925495793535183622748913304144078105868279964638543689132057517809301556439762997735065,
   5980279471163892468995710383079985854677611886037471156584834168868666006250589201168508802485569369866278530293284038131251581429196464579112213989515461,
   4191850385271369084713587092309281938662773395775827427481130082288511595508183012857737639165694979467807641796958821079487766782627315888159714217269994,
   13197702370864216016100842141515590601871176781292304195732285274587412072932001230989443698737182044205049219200755722449021246280864175280906631768469042,
   5054456523730285744081004370209548699640286702818924564130417149499845867814127047733434655861651934370078395377531407018033515948841193840722791413112254,
   9180566892986527295716061266730653680874994464974125885510116402382701391876355592080718914453678486389239466253304296813678285421236760175788581166282574,
   1112767662574027543374630594416225343322637699634422701408529784840860879148662924325179494301799384213715181144313969895865343912299777685745709400903451,
   10732581148764094280453667932200010339734225176539460263477970375821668283443496799542567192543551328949939273190469574652799426213446134459966111472417358,
   13375003074387309081081640275402455626123294995173084742981543945989707653874652019800762637041127613502198439212345413059311664620988597077661431305231579,
   6147321532208303146009537323353134672995339605823860394966134445716195114927406176450351436612884536548331147152084169475994650589558278353709417377945461,
   7681625727266355830932849894279571021792856408352510431197305556033230478659631742078933914608519346003652554833012210875824507629187206940735493158162338,
   11683751380611259910597030467338765576247476241161396202570937213500029926727597147390682466898591960751227958251595229833451524753808125343708031209605749,
   19498803804204121859057241122358044936147190188794056996250939185534321544727479764011984274201032545392752428395631105758391028374088598446467063727161,
   47263167388703948043599489457952971618990359038519332769492322992113248923398447184048555225906956821709007556337644803433170334309779763267605864412736,
   5131389013146646558677295165987532008568338049730672666246493060490312051131874441350123924082845862341169096593918478121112481033077108647640771288732773,
   250089289607501698658002434223161114425232097273371042100169385859736278548480945513327575606354277550368247694910071804012030609184906696231526656619540,
   3366740309340193190852782336659600819753992558735985395402513186506099599566512473613811820248705331528707854740993322645929215120293384836762329570894814,
   12844594407131575599325824720288609259993124200317981920306472609307891162262370044620945624725936397801700088352451272797844024539466448331197893582441192,
   6606605908021491689037756725302501713982581209337653073048641210887898634501974347481641579027347894138333923542256102824643071187604350137515800504796793,
   6358482868809532947372721956473745699067293772745363063255447771881612013375184429021253058520542899578397264719339065691905663058317128565705924016953620,
   788571453218381379034741971591318462061775707605505953139716997882830731026305181232153786857091831247892421121048108880765844744175912244601565478496625,
   4889465193752525737531073596189147172129022586475018782308953545170984066908699694219111335892033388781022870728864758980183564187663433767980261942308571,
   9609524818362449948296933072238820119566976391488097640913334844268432580912412382596961523437103467656568696549313743815189154010933049219105272693767488,
   1485912383092872731341222190867506431162562641876111457561793123054257913345278128188520018369014720650244500605434213502854421670866436819201135526030302,
   13116051952945084145618470162186563635332812614995390604694065745357490006945031509639663857186252093134795881022905786848891041739099129535889507549277992,
   6797939437384472255954299157598672708506177580046671712842523820274849541997504500686402293241309331389731134467474185484115225413076203256237703126575297,
   9388861874817425479143975798421066368062475844472686356102949805607742651433115347627437236236110225106125282591347198138017729385262214177244818271770505,
   12079943156957728016650956319508930694192102692804717530527621671236378348564856487521418660665028854198389106448576279967327375952187581632215448908935887,
   12649437241486380138962125439271455013414480607032178166123645259675477100310008867528950121659185979541266443799679538391953090113636289803172293545825147,
   9490834558401390683584565343121865724678356495249108752981519820676870481759991742563046326448438202000439877266792894685706547513046906943514691640161411,
   5475280043310727853847568790171827706083641768728560783287575148879636807358937062388378444778592088616693418369681066537799822505562722186262128869294570,
   12003304310919534232970103906236033957138603106210675303337773355452745706748527782888301727234767014983256805768255916224140937760389594036464893915110505,
   10981556405599709110908340762822346602270131860102307979569375374735676347987113263883531903895525547009281319718187312289018122756036996951124827902973147,
   139168834795628222528273050736103982188022318281123615119259620583439110927629212178817788285426283580902731793818442445509673778718219546928386792675855,
   6524946002753931245196433198362378488768471383119955111042851078372119222797540574767145334678486191135425798202212837090272012073477386964192433858779873,
   529724239938804093189245819105673861277582098585516564746836281609240594613805065914803771455643661846205830870391995758392346835746674352379102703647628,
   8740955979893732922416232036857824717773688759050547240423874742292035399695164685521940515839312204806759949689799067361973205147099844850087699463366310,
   1739593581841263465368490117549946391215097056810104488861280720108463358545109108216980496514632503158799358132654986500213816318711934353394794708011090,
   8125538265212627722658300077222993222091147152344904009077799308426724113323279921050246752630594651823442204435367850877669750862909293859162986735968321,
   5647088304243597776860867127305332301537334366332510046183021782735741183836429583520939541660254179220816119015905617645052558174236699161325650419342376,
   9726365295945689967578238535667646151569453643099618644136502551994109652776395622937448051647347904968308343400373973371901667422165357263356138662454581,
   10869079855227781348881158365876329016556715881386037330179038709691347184444788469064322154350965963187820312957130280613677507182112209210988480847837392,
   4861818939938564422153966151159638994889137927755959657204076042878933392276331065675934111938876771882464089488115202916284583998843542431316935666405793,
   2851168576121601921474194340138668438095334105418252792188327430141904330468919392964051502549976379461392466257553297995470022342602532411779860375105404,
   5646260356997452966287720804438792896579926530126484196379317906276775426450315181890200686491922735578376779792456719964896191226272776820884090212134171,
   11761586349859068111339273700016435905875872917012118961632312991049826644690850260079549570611411257841928974805700591698506509182019288259833542928331671,
   9392200033223390009264976739509765874074515312608802569367432524636809708611650439823816351973736756936166821786755284683482373080160093217173518021316358,
   9121813311938993631873052872347064103599624264293801873886581421015038528204434212005510858039208361172592079936140230274385329976250602227087304731403560,
   2427204553652032715842189074407745363864896309251453403171260930039462478765164740904077599365818679103227538909323766947478148195053949537016098173764107,
   9103940404226198000472969352300186490180927585900771523182245399567311905844975813925707008488211788863852811816020480507995092312466024458253486176965573,
   6043106298210631054014022852696877846184552027853573056391681698595133122887531623151799713117376562110097361154402835520462245699959235475214784851968323,
   2533509849718421888351892546254715359026856508932906151884311711054549011443342972834217284613243400494438891404950239064195029343148554340648357424892513,
   3279198693331208344232577254239526368525795169487545359778452604232028552719451596179546760867500028219781463667547614986238985911802069105170107670696128,
   9046011228976904338320134271525788944244784104754125008912268693044198385568342552633901812047385847162921192659677802447851710283744394633366262700216981,
   11453234088181948792768891077021791044671497847368666149340661160505118748948089903899454173651425461288461174898080409717301971313176317629792689104669975,
   12071504475915746723974872642663234391257592686783507949179382960636435572642395388495964359292526208736260646536411839924358797983634625103146416401383032,
   10469772405795891423068943191135234536091822340193859256070897653444745732853842506103457609748741535413633269784756985519548151265144985784587349087376447,
   12312889415354511029390882384348734627028500504843219518376585839303771436181138211786996595536855175277212197482264784734658864969597435706569498096921566,
   6341310895148365843152107614811631757144987584015073574743514124981575338091731610400031654796258082265993214958035779377366158445523047049516909859757142,
   8947718142934599782842443671070481720019593902949947194836286782908789466612666685678431894259346244914694316943094969949365916300843210571954098880110345,
   3164034728218352724704478647782196544397186067317273153227901519509011005094779102209234009676318887957330443567620115971897276288102717655409564690112384,
   6431152792228720938374804015557903332966504183911178704036941609818688897564903089475758907340762401417908306515136765450054108441595405528703989367221388,
   12790510058927840242720589031761460659248190691890647090578466345197563163295035954089316074318829390154526458921904091281941960025869848234696309951677428,
   1711337520842358018876610880117823474032042192597032230398213333271207498391435148840917163960270670175960678239090912905810372731809271306374788618509588,
   3544392109507269753858069325571989598218866862106271277353800640065192373822439295977457054523440497950926917704824275741550658603742997098754056710870842,
   4866560423832770230329813521967082916641008702662698785464459332006575486453659792261359099875718669841742820013008895604355017647053472159493582209546291,
   8603343560302273245769530118279028953008686735759690201936248978578603025577817240827083170255069448502496350152326756552572218828898074772525526921833352,
   6062183892863177161936872771687617096311229460924294452705453224816896572530595737143531629238574653540414953256401427868998583900354768847825530602296949,
   9170863661390144679939860591587248249550026750926188217906565321907182702522896052664382543139249340298705385576632891417619579789057742179088781422111175,
   8591934139142266533434014168061064242053871518722027023331754153872093408704395975168433617773095574107678548543015734568068846135306535947522002416200722,
   8594034550221393070483286722812204946832272036192493680640230040899687777687851457926785398264803849203822415074429667805573353495268271843815068591461624,
   8972376261669285066942483547169531323619126612395256965812152772548894185645034821478224299211816849508328611762334353336428368397590896747870774372182374,
   5159633992344621028297617185947036882303057573609077769038204184323969632640832952111310094992479411927027930538084821524985769608218032412617874293718847,
   1455027667451417814470290465772047863699942868999446446139670232274224221965262326833161947288706694931686995862386501520592938656121085392678862936919197,
   10959912351100048710097519242174261646233612829326268972842347179901948925335081732322731097453116936099334728813618379958979684666466185657684666879976011,
   4056985882900338165478610077907560472336900610665136478996743103433749674209563553506756041015653362310712223842174357667827639643738016723084213478208901,
   3435000247181614574852353983415502783629215976511940899787888413112224227894525355716212026329700514559976726123046240481349134705588691148885988438919551,
   3647392539246966749467360189699804499771169068561390706498599495952205476034985617307366853636537864899771692371838654807367540801294533450133043481080416,
   8831936831041195813753832136370290565536362742588230580330165067215480697358711319680884692730252555976548826073367164827486550113113573090684530663710607,
   5770037231900657484685677659810669970365233248312550306015047216658480157952163543926178983050935554126368902617367364012221313594744631436919941764706137,
   4344069294203623767437462566531709356561144822538254387124466408867210618154907343523663834669878016816595774321100621520766107563550355130401651461023376,
   6547159368395809583716137548031347141947433777561648633966758509677700386512876321046051179393556635882753252826734177920674117654311588632697014671017525,
   10128993967452752007362791856380612811777358328760536289217183733638889562825886647726799797589894209993776646654501346376592810578828017482398127231624007,
   7431477975482473396871036858921100802096780467536071150049684704228925381439262258981238933151181324690188546291214668257386535464123706048691466899972894,
   3939786305971540698947574459542455543958367086294002022584789533190413854557691489936292811010058140145297897821084649238331449591686430890583680426347975,
   11084748103698935760679694018461001952341908586392607940164641528459635001924715150793479477401029428726094503673054545704634741708066304933834997104341479,
   10454550437106990457972306058861544060965945781745887377862219814311834480334215831491279964543408947443080677345237014653009634406206956207280720040514678,
   325514302078875085025427992041417484969379300744033834190906881638777292112399579718234082417895653727108235168153876155227529461475908889979097831318285,
   7747867603493242973537971425128375376951842180567247599359038241032204417516687192612156270631174753679804807120699008672737980598474590014132881748601643,
   1371157075630420549327278860993920304721427062114707873469116945114155783061453424582882708493285882120588547494364762763591661297500610472642308100232939,
   8257408940708564590054376262278415194864676692552398759163942862884474322310179716537188448631357665613133627371479836591109480990328157352328399403348792,
   4690263195251017693525946614032533275524197368484864809219744597065515624557292019547531797574886193210639235217614040325608047223954492716398370201974641,
   4882855279323556187534938692988979774784142936717663824949268652214806431797006668204006098630866451428963509386156248225326275631081314003794857430400280,
   7292999115301819584517246271399793594252783091744575306743390354214384192591973956081850666368543113456450048305103080433724833111627299555730034076418544,
   11830231016093212463256839120282663322115557536538598949690246002936642648652870783982573918878800381017016755386852201737681686312037316103669609412608317,
   2676798707459154354624471516934019958837725445774612497852245107112096636364989081838178719018831100240083340596129455796393884915461360584111989199716410,
   6382911939727707910942803373234106315522203001837826070795845215202955915129856806743656845053111402374280995205873151185676650376668168044539906037510461,
   11978142688417705063666460400519538383569399834766838785407669559774201927835749292075074679393718622290176293242456582950155754001539049789850608807314684,
   2400938165038699472863081148643067734187937649927769818007905555670888837901467888224416626225990429320426111776692381653695926724368430361033883667025900,
   5372142860556342156285196763170051261012179181147987798197971111804539187405888335899856480007228403168257270843692069146447975854473127377796043978150301,
   1845230687000721073096791854960083755507956931829150122955163592416306665126687534923556942543001734237043736070867823790612741610663276646595197386919811,
   885092303459809749403976672652763164386168381229993629276227297269490007119769585700567896049423711147933948071848403146940830381090873157748198449418233
]
